0 0
0 1
0 2
0 3
0 4
0 5
0 6
0 7
0 8
0 9
0 10
0 11
0 12
0 13
0 14
0 15
0 16
0 17
0 18
0 19
0 20
3 21
3 22
3 23
3 24
3 25
3 26
3 27
0 28
0 29
0 30
0 31
0 32
0 33
0 34
0 35
0 36
1 37
0 38
0 39
0 40
0 41
0 42
0 43
0 44
0 45
0 46
0 47
0 48
0 49
0 50
0 51
0 52
1 53
0 54
0 55
0 56
1 57
0 58
0 59
1 60
1 61
2 62
2 63
2 64
0 65
0 66
0 67
0 68
0 69
1 70
1 71
1 72
1 73
0 74
1 75
1 76
1 77
1 78
1 79
1 80
1 81
1 82
0 83
3 84
1 85
0 86
2 87
0 88
2 89
0 90
2 91
2 92
2 93
2 94
1 95
4 96
4 97
4 98
4 99
4 100
4 101
4 102
4 103
2 104
2 105
2 106
2 107
2 108
2 109
2 110
2 111
2 112
2 113
2 114
2 115
2 116
2 117
2 118
2 119
2 120
2 121
2 122
2 123
0 124
0 125
3 126
0 127
0 128
2 129
2 130
2 131
2 132
2 133
2 134
2 135
2 136
2 137
2 138
2 139
2 140
2 141
2 142
2 143
2 144
2 145
2 146
2 147
2 148
0 149
0 150
0 151
0 152
1 153
1 154
1 155
1 156
1 157
1 158
1 159
0 160
0 161
1 162
2 163
4 164
4 165
4 166
1 167
2 168
4 169
3 170
2 171
2 172
2 173
2 174
2 175
2 176
2 177
2 178
2 179
2 180
2 181
2 182
2 183
2 184
2 185
2 186
2 187
2 188
2 189
2 190
2 191
2 192
2 193
2 194
2 195
2 196
1 197
2 198
1 199
1 200
1 201
1 202
1 203
1 204
1 205
1 206
1 207
1 208
1 209
1 210
1 211
1 212
1 213
2 214
2 215
4 216
4 217
4 218
4 219
4 220
4 221
4 222
4 223
4 224
4 225
4 226
3 227
3 228
3 229
3 230
3 231
3 232
3 233
3 234
3 235
3 236
3 237
3 238
3 239
3 240
3 241
3 242
3 243
3 244
3 245
3 246
3 247
3 248
3 249
3 250
3 251
3 252
3 253
3 254
4 255
3 256
3 257
3 258
3 259
3 260
3 261
3 262
3 263
3 264
3 265
3 266
3 267
3 268
3 269
3 270
3 271
3 272
3 273
3 274
0 275
0 276
0 277
0 278
0 279
0 280
0 281
0 282
0 283
0 284
1 285
3 286
0 287
0 288
0 289
0 290
0 291
0 292
0 293
0 294
0 295
0 296
0 297
4 298
4 299
4 300
4 301
4 302
4 303
4 304
4 305
4 306
4 307
4 308
4 309
4 310
4 311
2 312
4 313
2 314
4 315
0 316
1 317
4 318
4 319
4 320
4 321
2 322
1 323
2 324
1 325
4 326
3 327
0 328
2 329
0 330
2 331
0 332
2 333
2 334
2 335
4 336
4 337
4 338
4 339
4 340
4 341
4 342
0 343
0 344
0 345
2 346
1 347
2 348
1 349
2 350
0 351
1 352
2 353
0 354
1 355
1 356
1 357
1 358
1 359
0 360
1 361
0 362
1 363
0 364
1 365
4 366
1 367
4 368
1 369
4 370
1 371
3 372
2 373
0 374
2 375
2 376
2 377
2 378
2 379
4 380
0 381
1 382
4 383
4 384
4 385
4 386
4 387
3 388
3 389
4 390
3 391
4 392
3 393
4 394
3 395
4 396
4 397
4 398
4 399
4 400
4 401
4 402
4 403
4 404
4 405
1 406
3 407
2 408
0 409
0 410
0 411
0 412
3 413
3 414
3 415
3 416
3 417
3 418
3 419
3 420
4 421
4 422
4 423
4 424
4 425
2 426
4 427
4 428
4 429
4 430
4 431
0 432
4 433
0 434
0 435
1 436
1 437
1 438
1 439
1 440
1 441
1 442
1 443
0 444
0 445
0 446
0 447
0 448
0 449
0 450
0 451
1 452
4 453
2 454
1 455
1 456
1 457
1 458
1 459
4 460
1 461
0 462
2 463
1 464
4 465
3 466
0 467
2 468
1 469
4 470
3 471
0 472
1 473
4 474
3 475
3 476
3 477
3 478
1 479
1 480
1 481
3 482
1 483
3 484
3 485
3 486
3 487
2 488
4 489
3 490
2 491
4 492
1 493
2 494
1 495
4 496
1 497
0 498
1 499
0 500
1 501
3 502
2 503
4 504
1 505
1 506
1 507
1 508
1 509
1 510
1 511
1 512
0 513
0 514
0 515
1 516
3 517
0 518
1 519
3 520
3 521
3 522
3 523
3 524
4 525
1 526
1 527
1 528
1 529
1 530
1 531
1 532
1 533
2 534
2 535
2 536
1 537
2 538
1 539
0 540
1 541
0 542
2 543
2 544
2 545
2 546
2 547
2 548
2 549
2 550
2 551
2 552
2 553
2 554
2 555
2 556
2 557
2 558
2 559
2 560
2 561
2 562
2 563
2 564
2 565
2 566
2 567
2 568
2 569
2 570
2 571
2 572
2 573
2 574
2 575
2 576
2 577
2 578
2 579
2 580
2 581
2 582
2 583
2 584
2 585
2 586
2 587
2 588
2 589
2 590
3 591
4 592
4 593
4 594
4 595
4 596
4 597
4 598
4 599
4 600
0 601
2 602
0 603
1 604
0 605
2 606
2 607
2 608
0 609
4 610
1 611
0 612
0 613
0 614
0 615
0 616
0 617
3 618
0 619
4 620
2 621
3 622
3 623
3 624
3 625
3 626
4 627
3 628
4 629
4 630
4 631
4 632
3 633
3 634
3 635
3 636
4 637
2 638
4 639
4 640
4 641
4 642
1 643
2 644
4 645
1 646
2 647
2 648
2 649
2 650
3 651
2 652
3 653
1 654
3 655
3 656
3 657
3 658
3 659
3 660
3 661
3 662
3 663
3 664
3 665
2 666
3 667
2 668
3 669
2 670
3 671
2 672
3 673
2 674
3 675
2 676
3 677
0 678
1 679
0 680
3 681
1 682
3 683
2 684
2 685
2 686
2 687
2 688
2 689
2 690
2 691
2 692
2 693
2 694
2 695
2 696
2 697
2 698
2 699
2 700
0 701
3 702
4 703
3 704
3 705
2 706
0 707
3 708
4 709
0 710
3 711
3 712
3 713
3 714
0 715
0 716
0 717
0 718
0 719
0 720
0 721
2 722
3 723
0 724
2 725
0 726
1 727
1 728
0 729
2 730
0 731
3 732
1 733
0 734
3 735
0 736
4 737
3 738
2 739
0 740
1 741
1 742
0 743
2 744
3 745
0 746
2 747
2 748
2 749
2 750
2 751
2 752
0 753
3 754
1 755
3 756
1 757
0 758
0 759
1 760
4 761
4 762
4 763
4 764
4 765
4 766
4 767
0 768
2 769
0 770
4 771
0 772
2 773
2 774
2 775
2 776
2 777
2 778
2 779
2 780
2 781
2 782
2 783
2 784
2 785
2 786
2 787
2 788
2 789
2 790
2 791
2 792
2 793
2 794
2 795
2 796
1 797
1 798
1 799
1 800
1 801
1 802
1 803
1 804
1 805
1 806
1 807
1 808
1 809
1 810
1 811
1 812
1 813
1 814
1 815
1 816
1 817
1 818
1 819
1 820
1 821
3 822
3 823
3 824
2 825
4 826
3 827
2 828
0 829
0 830
0 831
0 832
0 833
0 834
4 835
3 836
3 837
3 838
3 839
3 840
3 841
3 842
3 843
3 844
3 845
3 846
3 847
3 848
3 849
3 850
3 851
3 852
3 853
3 854
1 855
2 856
0 857
1 858
0 859
1 860
0 861
1 862
0 863
0 864
0 865
2 866
3 867
1 868
0 869
3 870
0 871
3 872
3 873
3 874
3 875
3 876
3 877
3 878
3 879
1 880
2 881
2 882
2 883
2 884
2 885
2 886
2 887
2 888
4 889
4 890
4 891
4 892
4 893
2 894
0 895
1 896
3 897
2 898
0 899
2 900
0 901
2 902
3 903
4 904
4 905
2 906
4 907
2 908
2 909
2 910
2 911
2 912
0 913
4 914
2 915
0 916
2 917
2 918
1 919
4 920
0 921
3 922
3 923
3 924
3 925
3 926
3 927
1 928
1 929
1 930
3 931
1 932
1 933
1 934
1 935
1 936
1 937
1 938
1 939
1 940
1 941
1 942
1 943
3 944
3 945
3 946
3 947
1 948
1 949
1 950
0 951
4 952
0 953
4 954
0 955
0 956
0 957
0 958
0 959
0 960
0 961
0 962
3 963
0 964
0 965
3 966
1 967
1 968
0 969
1 970
1 971
1 972
3 973
0 974
0 975
0 976
4 977
0 978
0 979
4 980
2 981
0 982
4 983
2 984
0 985
4 986
0 987
2 988
0 989
2 990
0 991
1 992
2 993
0 994
2 995
0 996
2 997
2 998
2 999
0 1000
3 1001
3 1002
3 1003
2 1004
2 1005
3 1006
3 1007
3 1008
4 1009
1 1010
3 1011
3 1012
1 1013
1 1014
1 1015
0 1016
0 1017
3 1018
0 1019
3 1020
0 1021
3 1022
0 1023
3 1024
0 1025
3 1026
0 1027
0 1028
0 1029
4 1030
0 1031
4 1032
3 1033
0 1034
4 1035
4 1036
4 1037
3 1038
2 1039
2 1040
2 1041
2 1042
2 1043
2 1044
2 1045
2 1046
2 1047
2 1048
2 1049
2 1050
2 1051
2 1052
3 1053
0 1054
1 1055
1 1056
1 1057
1 1058
1 1059
1 1060
1 1061
1 1062
1 1063
1 1064
1 1065
0 1066
1 1067
1 1068
0 1069
2 1070
0 1071
2 1072
0 1073
1 1074
2 1075
4 1076
3 1077
3 1078
0 1079
1 1080
1 1081
2 1082
1 1083
2 1084
1 1085
0 1086
0 1087
0 1088
0 1089
0 1090
4 1091
1 1092
4 1093
0 1094
3 1095
4 1096
0 1097
3 1098
4 1099
0 1100
3 1101
3 1102
3 1103
3 1104
3 1105
3 1106
3 1107
3 1108
3 1109
3 1110
3 1111
3 1112
3 1113
3 1114
3 1115
3 1116
3 1117
3 1118
3 1119
3 1120
3 1121
3 1122
3 1123
3 1124
3 1125
3 1126
3 1127
2 1128
0 1129
0 1130
0 1131
0 1132
0 1133
0 1134
0 1135
0 1136
0 1137
0 1138
0 1139
0 1140
0 1141
0 1142
0 1143
0 1144
0 1145
0 1146
0 1147
0 1148
0 1149
1 1150
2 1151
2 1152
2 1153
2 1154
2 1155
2 1156
2 1157
2 1158
2 1159
2 1160
2 1161
2 1162
2 1163
2 1164
4 1165
4 1166
3 1167
2 1168
3 1169
2 1170
3 1171
3 1172
3 1173
3 1174
3 1175
3 1176
2 1177
2 1178
2 1179
4 1180
0 1181
2 1182
4 1183
0 1184
2 1185
4 1186
0 1187
1 1188
4 1189
3 1190
2 1191
2 1192
2 1193
2 1194
2 1195
2 1196
2 1197
2 1198
2 1199
0 1200
2 1201
1 1202
2 1203
1 1204
2 1205
1 1206
2 1207
1 1208
2 1209
4 1210
0 1211
0 1212
0 1213
3 1214
2 1215
3 1216
2 1217
1 1218
2 1219
1 1220
0 1221
1 1222
2 1223
3 1224
4 1225
4 1226
4 1227
4 1228
4 1229
4 1230
4 1231
2 1232
3 1233
1 1234
2 1235
1 1236
2 1237
4 1238
2 1239
4 1240
2 1241
2 1242
4 1243
4 1244
4 1245
4 1246
4 1247
4 1248
4 1249
4 1250
4 1251
4 1252
4 1253
4 1254
4 1255
4 1256
4 1257
1 1258
0 1259
4 1260
1 1261
4 1262
1 1263
2 1264
1 1265
2 1266
1 1267
0 1268
1 1269
1 1270
1 1271
1 1272
1 1273
1 1274
2 1275
2 1276
2 1277
2 1278
2 1279
2 1280
2 1281
2 1282
2 1283
2 1284
2 1285
2 1286
2 1287
2 1288
0 1289
3 1290
1 1291
0 1292
1 1293
3 1294
3 1295
0 1296
0 1297
0 1298
0 1299
0 1300
2 1301
0 1302
1 1303
3 1304
4 1305
0 1306
2 1307
3 1308
0 1309
0 1310
0 1311
0 1312
1 1313
0 1314
1 1315
3 1316
0 1317
1 1318
3 1319
0 1320
3 1321
0 1322
0 1323
0 1324
0 1325
0 1326
0 1327
0 1328
0 1329
0 1330
1 1331
4 1332
4 1333
4 1334
4 1335
4 1336
1 1337
1 1338
4 1339
1 1340
0 1341
2 1342
1 1343
4 1344
3 1345
0 1346
2 1347
1 1348
4 1349
3 1350
0 1351
1 1352
0 1353
4 1354
2 1355
0 1356
2 1357
3 1358
1 1359
0 1360
0 1361
0 1362
0 1363
0 1364
0 1365
2 1366
4 1367
1 1368
4 1369
1 1370
1 1371
1 1372
1 1373
1 1374
0 1375
3 1376
1 1377
0 1378
1 1379
3 1380
0 1381
0 1382
0 1383
0 1384
0 1385
0 1386
0 1387
2 1388
4 1389
0 1390
2 1391
4 1392
0 1393
3 1394
1 1395
2 1396
3 1397
3 1398
1 1399
4 1400
3 1401
1 1402
4 1403
3 1404
1 1405
3 1406
4 1407
3 1408
4 1409
0 1410
3 1411
3 1412
3 1413
3 1414
3 1415
3 1416
4 1417
1 1418
0 1419
4 1420
2 1421
2 1422
3 1423
4 1424
4 1425
4 1426
4 1427
3 1428
3 1429
3 1430
3 1431
1 1432
2 1433
2 1434
2 1435
2 1436
2 1437
2 1438
2 1439
1 1440
2 1441
1 1442
2 1443
1 1444
2 1445
2 1446
2 1447
2 1448
2 1449
2 1450
2 1451
2 1452
2 1453
2 1454
2 1455
2 1456
2 1457
2 1458
2 1459
4 1460
0 1461
3 1462
1 1463
1 1464
0 1465
1 1466
1 1467
0 1468
4 1469
3 1470
1 1471
1 1472
2 1473
0 1474
2 1475
4 1476
0 1477
1 1478
2 1479
4 1480
1 1481
0 1482
0 1483
1 1484
1 1485
2 1486
2 1487
2 1488
2 1489
4 1490
3 1491
0 1492
0 1493
0 1494
0 1495
0 1496
2 1497
4 1498
2 1499
0 1500
4 1501
1 1502
1 1503
1 1504
3 1505
1 1506
4 1507
3 1508
1 1509
2 1510
2 1511
2 1512
2 1513
0 1514
0 1515
0 1516
0 1517
1 1518
1 1519
4 1520
2 1521
0 1522
4 1523
2 1524
0 1525
2 1526
0 1527
2 1528
4 1529
1 1530
3 1531
2 1532
4 1533
4 1534
4 1535
4 1536
4 1537
2 1538
4 1539
4 1540
3 1541
3 1542
1 1543
4 1544
2 1545
2 1546
2 1547
2 1548
2 1549
2 1550
0 1551
2 1552
3 1553
3 1554
3 1555
3 1556
3 1557
3 1558
3 1559
3 1560
3 1561
3 1562
3 1563
3 1564
2 1565
0 1566
3 1567
2 1568
0 1569
2 1570
2 1571
0 1572
2 1573
0 1574
1 1575
2 1576
0 1577
1 1578
2 1579
2 1580
2 1581
0 1582
3 1583
1 1584
0 1585
4 1586
0 1587
1 1588
0 1589
1 1590
0 1591
3 1592
1 1593
0 1594
2 1595
0 1596
2 1597
0 1598
0 1599
0 1600
0 1601
0 1602
0 1603
0 1604
0 1605
0 1606
2 1607
4 1608
3 1609
0 1610
4 1611
3 1612
1 1613
1 1614
4 1615
3 1616
1 1617
0 1618
4 1619
0 1620
2 1621
0 1622
3 1623
3 1624
0 1625
0 1626
1 1627
0 1628
2 1629
2 1630
0 1631
0 1632
1 1633
2 1634
3 1635
3 1636
3 1637
3 1638
3 1639
3 1640
3 1641
4 1642
4 1643
1 1644
3 1645
3 1646
3 1647
3 1648
3 1649
4 1650
4 1651
4 1652
4 1653
4 1654
4 1655
4 1656
4 1657
4 1658
4 1659
4 1660
4 1661
4 1662
0 1663
2 1664
1 1665
0 1666
2 1667
2 1668
2 1669
3 1670
2 1671
3 1672
2 1673
1 1674
0 1675
4 1676
4 1677
4 1678
4 1679
1 1680
1 1681
4 1682
1 1683
4 1684
2 1685
0 1686
1 1687
3 1688
1 1689
4 1690
1 1691
3 1692
1 1693
3 1694
1 1695
0 1696
1 1697
0 1698
3 1699
3 1700
3 1701
3 1702
3 1703
3 1704
3 1705
3 1706
3 1707
3 1708
3 1709
3 1710
3 1711
3 1712
3 1713
3 1714
3 1715
3 1716
3 1717
3 1718
3 1719
3 1720
3 1721
3 1722
3 1723
3 1724
3 1725
3 1726
3 1727
3 1728
3 1729
3 1730
3 1731
3 1732
3 1733
3 1734
3 1735
2 1736
4 1737
2 1738
0 1739
0 1740
0 1741
0 1742
0 1743
0 1744
0 1745
4 1746
2 1747
2 1748
2 1749
2 1750
2 1751
2 1752
2 1753
2 1754
0 1755
4 1756
4 1757
4 1758
4 1759
4 1760
4 1761
4 1762
4 1763
4 1764
4 1765
4 1766
3 1767
2 1768
4 1769
2 1770
4 1771
1 1772
2 1773
4 1774
2 1775
2 1776
4 1777
1 1778
1 1779
1 1780
2 1781
2 1782
2 1783
4 1784
3 1785
0 1786
2 1787
4 1788
4 1789
4 1790
4 1791
4 1792
4 1793
4 1794
4 1795
4 1796
4 1797
1 1798
1 1799
1 1800
1 1801
1 1802
1 1803
3 1804
2 1805
0 1806
3 1807
2 1808
2 1809
2 1810
2 1811
2 1812
0 1813
0 1814
3 1815
1 1816
2 1817
2 1818
2 1819
2 1820
1 1821
3 1822
0 1823
1 1824
1 1825
0 1826
4 1827
0 1828
3 1829
1 1830
0 1831
2 1832
1 1833
2 1834
1 1835
0 1836
2 1837
1 1838
1 1839
3 1840
1 1841
1 1842
3 1843
1 1844
1 1845
2 1846
4 1847
0 1848
4 1849
3 1850
1 1851
4 1852
1 1853
1 1854
1 1855
1 1856
3 1857
3 1858
3 1859
3 1860
3 1861
3 1862
3 1863
2 1864
3 1865
3 1866
2 1867
1 1868
0 1869
4 1870
4 1871
4 1872
0 1873
0 1874
0 1875
0 1876
0 1877
0 1878
0 1879
1 1880
1 1881
1 1882
1 1883
0 1884
1 1885
1 1886
1 1887
1 1888
1 1889
0 1890
1 1891
1 1892
1 1893
2 1894
2 1895
2 1896
1 1897
1 1898
1 1899
3 1900
3 1901
3 1902
3 1903
3 1904
3 1905
3 1906
0 1907
0 1908
0 1909
0 1910
0 1911
0 1912
1 1913
1 1914
0 1915
1 1916
1 1917
2 1918
2 1919
2 1920
2 1921
2 1922
2 1923
3 1924
3 1925
3 1926
1 1927
1 1928
1 1929
3 1930
0 1931
0 1932
3 1933
0 1934
3 1935
0 1936
2 1937
4 1938
2 1939
2 1940
4 1941
0 1942
1 1943
4 1944
3 1945
0 1946
1 1947
4 1948
3 1949
0 1950
1 1951
0 1952
4 1953
2 1954
4 1955
3 1956
2 1957
4 1958
4 1959
4 1960
4 1961
4 1962
0 1963
4 1964
2 1965
3 1966
0 1967
0 1968
1 1969
1 1970
2 1971
0 1972
3 1973
1 1974
3 1975
1 1976
3 1977
2 1978
2 1979
0 1980
4 1981
1 1982
4 1983
1 1984
1 1985
4 1986
4 1987
3 1988
2 1989
2 1990
2 1991
2 1992
0 1993
1 1994
0 1995
2 1996
3 1997
2 1998
3 1999
2 2000
2 2001
4 2002
1 2003
4 2004
2 2005
4 2006
2 2007
4 2008
2 2009
4 2010
2 2011
4 2012
2 2013
4 2014
2 2015
4 2016
2 2017
1 2018
4 2019
0 2020
3 2021
3 2022
3 2023
0 2024
3 2025
0 2026
3 2027
0 2028
0 2029
0 2030
0 2031
1 2032
3 2033
0 2034
1 2035
3 2036
0 2037
3 2038
0 2039
3 2040
0 2041
3 2042
0 2043
3 2044
0 2045
3 2046
3 2047
3 2048
3 2049
3 2050
3 2051
3 2052
3 2053
1 2054
3 2055
3 2056
3 2057
3 2058
3 2059
3 2060
3 2061
4 2062
4 2063
4 2064
4 2065
0 2066
0 2067
0 2068
0 2069
0 2070
4 2071
4 2072
4 2073
3 2074
2 2075
4 2076
0 2077
0 2078
0 2079
0 2080
0 2081
0 2082
0 2083
0 2084
0 2085
0 2086
0 2087
0 2088
0 2089
1 2090
0 2091
1 2092
0 2093
1 2094
0 2095
0 2096
0 2097
0 2098
4 2099
4 2100
2 2101
0 2102
0 2103
0 2104
0 2105
0 2106
0 2107
0 2108
0 2109
0 2110
4 2111
3 2112
3 2113
3 2114
3 2115
3 2116
3 2117
4 2118
3 2119
4 2120
3 2121
4 2122
3 2123
2 2124
4 2125
2 2126
1 2127
4 2128
2 2129
3 2130
1 2131
0 2132
1 2133
0 2134
1 2135
0 2136
2 2137
1 2138
1 2139
1 2140
1 2141
1 2142
2 2143
0 2144
1 2145
1 2146
2 2147
2 2148
3 2149
2 2150
3 2151
0 2152
3 2153
3 2154
2 2155
4 2156
3 2157
1 2158
2 2159
2 2160
2 2161
2 2162
2 2163
4 2164
4 2165
4 2166
4 2167
4 2168
4 2169
4 2170
4 2171
4 2172
4 2173
0 2174
2 2175
3 2176
3 2177
3 2178
2 2179
1 2180
4 2181
1 2182
4 2183
1 2184
0 2185
0 2186
1 2187
4 2188
1 2189
4 2190
1 2191
4 2192
1 2193
4 2194
0 2195
0 2196
0 2197
4 2198
0 2199
1 2200
3 2201
2 2202
1 2203
0 2204
1 2205
2 2206
0 2207
3 2208
4 2209
3 2210
0 2211
2 2212
3 2213
0 2214
2 2215
3 2216
4 2217
2 2218
3 2219
4 2220
4 2221
4 2222
4 2223
4 2224
4 2225
4 2226
4 2227
1 2228
3 2229
4 2230
1 2231
3 2232
4 2233
0 2234
1 2235
2 2236
3 2237
4 2238
0 2239
2 2240
1 2241
1 2242
4 2243
4 2244
4 2245
4 2246
2 2247
2 2248
3 2249
0 2250
2 2251
3 2252
2 2253
0 2254
1 2255
1 2256
2 2257
2 2258
2 2259
2 2260
2 2261
2 2262
2 2263
1 2264
2 2265
1 2266
2 2267
2 2268
2 2269
0 2270
2 2271
0 2272
2 2273
0 2274
3 2275
3 2276
3 2277
3 2278
3 2279
3 2280
3 2281
0 2282
2 2283
4 2284
4 2285
4 2286
4 2287
4 2288
3 2289
0 2290
0 2291
0 2292
0 2293
0 2294
0 2295
0 2296
0 2297
1 2298
4 2299
2 2300
0 2301
3 2302
1 2303
0 2304
3 2305
1 2306
4 2307
1 2308
0 2309
2 2310
1 2311
4 2312
3 2313
0 2314
2 2315
1 2316
1 2317
1 2318
4 2319
3 2320
3 2321
3 2322
3 2323
1 2324
1 2325
1 2326
1 2327
3 2328
3 2329
3 2330
3 2331
2 2332
3 2333
2 2334
4 2335
3 2336
3 2337
3 2338
1 2339
2 2340
0 2341
3 2342
1 2343
0 2344
1 2345
3 2346
2 2347
0 2348
0 2349
0 2350
0 2351
0 2352
3 2353
3 2354
3 2355
3 2356
3 2357
3 2358
3 2359
3 2360
4 2361
4 2362
4 2363
4 2364
4 2365
4 2366
4 2367
4 2368
4 2369
0 2370
0 2371
0 2372
0 2373
4 2374
0 2375
4 2376
2 2377
3 2378
1 2379
3 2380
0 2381
4 2382
3 2383
1 2384
0 2385
4 2386
3 2387
0 2388
2 2389
3 2390
0 2391
0 2392
3 2393
2 2394
3 2395
1 2396
2 2397
1 2398
3 2399
2 2400
1 2401
1 2402
0 2403
4 2404
3 2405
2 2406
0 2407
3 2408
3 2409
3 2410
0 2411
1 2412
1 2413
1 2414
1 2415
1 2416
1 2417
1 2418
1 2419
1 2420
1 2421
2 2422
0 2423
4 2424
4 2425
4 2426
4 2427
2 2428
0 2429
1 2430
0 2431
4 2432
0 2433
4 2434
0 2435
1 2436
2 2437
0 2438
3 2439
1 2440
1 2441
3 2442
3 2443
3 2444
0 2445
0 2446
0 2447
0 2448
3 2449
2 2450
2 2451
2 2452
2 2453
2 2454
2 2455
2 2456
2 2457
2 2458
2 2459
2 2460
2 2461
2 2462
3 2463
1 2464
0 2465
4 2466
0 2467
2 2468
4 2469
0 2470
4 2471
0 2472
1 2473
1 2474
1 2475
1 2476
1 2477
0 2478
4 2479
2 2480
0 2481
3 2482
2 2483
0 2484
1 2485
2 2486
4 2487
0 2488
2 2489
2 2490
3 2491
0 2492
1 2493
3 2494
0 2495
1 2496
1 2497
0 2498
1 2499
0 2500
1 2501
0 2502
2 2503
3 2504
4 2505
4 2506
4 2507
4 2508
4 2509
4 2510
4 2511
4 2512
2 2513
2 2514
2 2515
2 2516
2 2517
2 2518
2 2519
4 2520
3 2521
1 2522
4 2523
3 2524
0 2525
0 2526
0 2527
0 2528
0 2529
0 2530
0 2531
0 2532
2 2533
2 2534
2 2535
2 2536
2 2537
2 2538
4 2539
4 2540
4 2541
4 2542
2 2543
4 2544
2 2545
4 2546
3 2547
1 2548
2 2549
4 2550
1 2551
1 2552
1 2553
1 2554
4 2555
2 2556
0 2557
2 2558
3 2559
0 2560
1 2561
2 2562
1 2563
2 2564
3 2565
3 2566
3 2567
0 2568
3 2569
0 2570
3 2571
0 2572
3 2573
2 2574
1 2575
0 2576
0 2577
0 2578
2 2579
4 2580
3 2581
0 2582
0 2583
0 2584
0 2585
0 2586
1 2587
4 2588
1 2589
2 2590
0 2591
1 2592
2 2593
2 2594
2 2595
2 2596
2 2597
2 2598
1 2599
2 2600
1 2601
1 2602
1 2603
1 2604
2 2605
1 2606
2 2607
4 2608
1 2609
2 2610
4 2611
1 2612
4 2613
0 2614
1 2615
0 2616
3 2617
3 2618
3 2619
3 2620
1 2621
1 2622
1 2623
3 2624
1 2625
3 2626
1 2627
4 2628
2 2629
4 2630
4 2631
4 2632
3 2633
0 2634
1 2635
3 2636
2 2637
4 2638
4 2639
4 2640
4 2641
2 2642
0 2643
2 2644
3 2645
0 2646
2 2647
3 2648
1 2649
1 2650
1 2651
1 2652
3 2653
0 2654
2 2655
3 2656
3 2657
3 2658
3 2659
3 2660
0 2661
0 2662
0 2663
2 2664
4 2665
4 2666
4 2667
4 2668
4 2669
4 2670
4 2671
2 2672
2 2673
2 2674
3 2675
1 2676
4 2677
2 2678
0 2679
4 2680
2 2681
1 2682
0 2683
2 2684
0 2685
3 2686
0 2687
4 2688
2 2689
0 2690
4 2691
3 2692
2 2693
2 2694
2 2695
2 2696
2 2697
2 2698
2 2699
4 2700
4 2701
2 2702
4 2703
2 2704
4 2705
2 2706
2 2707
2 2708
2 2709
4 2710
4 2711
4 2712
2 2713
4 2714
2 2715
3 2716
2 2717
2 2718
2 2719
2 2720
2 2721
2 2722
4 2723
4 2724
2 2725
4 2726
2 2727
3 2728
3 2729
3 2730
3 2731
3 2732
3 2733
3 2734
2 2735
0 2736
0 2737
0 2738
0 2739
3 2740
3 2741
3 2742
3 2743
3 2744
3 2745
3 2746
3 2747
3 2748
3 2749
3 2750
3 2751
3 2752
3 2753
3 2754
3 2755
3 2756
3 2757
3 2758
3 2759
2 2760
4 2761
3 2762
2 2763
0 2764
0 2765
0 2766
0 2767
0 2768
0 2769
0 2770
4 2771
4 2772
4 2773
4 2774
4 2775
4 2776
4 2777
4 2778
4 2779
4 2780
4 2781
4 2782
0 2783
0 2784
0 2785
0 2786
1 2787
1 2788
1 2789
1 2790
1 2791
3 2792
4 2793
3 2794
0 2795
2 2796
2 2797
2 2798
2 2799
2 2800
2 2801
4 2802
1 2803
2 2804
4 2805
4 2806
4 2807
4 2808
4 2809
4 2810
4 2811
1 2812
3 2813
3 2814
2 2815
0 2816
0 2817
2 2818
0 2819
3 2820
2 2821
0 2822
3 2823
1 2824
0 2825
3 2826
1 2827
1 2828
4 2829
0 2830
0 2831
0 2832
0 2833
0 2834
1 2835
3 2836
3 2837
1 2838
2 2839
2 2840
2 2841
4 2842
2 2843
2 2844
3 2845
3 2846
3 2847
3 2848
3 2849
3 2850
3 2851
3 2852
3 2853
3 2854
0 2855
0 2856
0 2857
0 2858
0 2859
4 2860
0 2861
0 2862
4 2863
0 2864
0 2865
0 2866
0 2867
0 2868
0 2869
0 2870
0 2871
0 2872
0 2873
0 2874
0 2875
0 2876
0 2877
0 2878
0 2879
0 2880
0 2881
0 2882
0 2883
1 2884
1 2885
1 2886
1 2887
1 2888
0 2889
1 2890
1 2891
1 2892
1 2893
1 2894
1 2895
0 2896
0 2897
0 2898
0 2899
0 2900
0 2901
0 2902
0 2903
0 2904
0 2905
3 2906
3 2907
3 2908
3 2909
0 2910
0 2911
0 2912
4 2913
1 2914
0 2915
1 2916
0 2917
0 2918
1 2919
0 2920
3 2921
2 2922
2 2923
2 2924
2 2925
2 2926
2 2927
2 2928
2 2929
2 2930
2 2931
2 2932
2 2933
2 2934
3 2935
1 2936
1 2937
1 2938
0 2939
2 2940
0 2941
2 2942
2 2943
2 2944
2 2945
2 2946
2 2947
1 2948
1 2949
1 2950
4 2951
2 2952
4 2953
2 2954
4 2955
2 2956
2 2957
4 2958
2 2959
2 2960
3 2961
1 2962
1 2963
1 2964
1 2965
0 2966
0 2967
0 2968
0 2969
1 2970
1 2971
1 2972
1 2973
1 2974
0 2975
1 2976
1 2977
1 2978
2 2979
2 2980
2 2981
2 2982
2 2983
2 2984
2 2985
2 2986
2 2987
2 2988
2 2989
2 2990
4 2991
0 2992
0 2993
0 2994
0 2995
3 2996
3 2997
3 2998
3 2999
3 3000
3 3001
3 3002
3 3003
3 3004
3 3005
3 3006
3 3007
3 3008
3 3009
3 3010
3 3011
3 3012
3 3013
3 3014
3 3015
3 3016
3 3017
3 3018
3 3019
3 3020
3 3021
3 3022
3 3023
3 3024
3 3025
3 3026
3 3027
3 3028
3 3029
3 3030
3 3031
3 3032
3 3033
3 3034
3 3035
3 3036
3 3037
3 3038
3 3039
3 3040
3 3041
3 3042
3 3043
3 3044
3 3045
3 3046
3 3047
1 3048
1 3049
1 3050
1 3051
1 3052
1 3053
2 3054
4 3055
2 3056
2 3057
2 3058
2 3059
2 3060
2 3061
2 3062
2 3063
2 3064
2 3065
2 3066
1 3067
2 3068
4 3069
1 3070
3 3071
3 3072
4 3073
0 3074
0 3075
0 3076
0 3077
0 3078
0 3079
0 3080
0 3081
0 3082
0 3083
0 3084
0 3085
0 3086
0 3087
0 3088
0 3089
4 3090
1 3091
0 3092
0 3093
1 3094
0 3095
1 3096
0 3097
4 3098
4 3099
4 3100
4 3101
4 3102
4 3103
4 3104
4 3105
4 3106
4 3107
2 3108
0 3109
4 3110
3 3111
1 3112
2 3113
2 3114
2 3115
3 3116
2 3117
3 3118
0 3119
0 3120
1 3121
1 3122
2 3123
4 3124
4 3125
4 3126
4 3127
2 3128
4 3129
2 3130
4 3131
2 3132
4 3133
4 3134
4 3135
4 3136
4 3137
3 3138
2 3139
4 3140
2 3141
2 3142
2 3143
2 3144
4 3145
0 3146
2 3147
4 3148
0 3149
3 3150
4 3151
2 3152
1 3153
1 3154
0 3155
3 3156
1 3157
0 3158
0 3159
0 3160
0 3161
1 3162
1 3163
1 3164
0 3165
1 3166
0 3167
0 3168
0 3169
3 3170
0 3171
3 3172
3 3173
3 3174
2 3175
0 3176
1 3177
4 3178
3 3179
0 3180
3 3181
4 3182
2 3183
3 3184
0 3185
3 3186
1 3187
2 3188
1 3189
4 3190
2 3191
1 3192
2 3193
2 3194
2 3195
2 3196
2 3197
1 3198
0 3199
0 3200
0 3201
0 3202
0 3203
0 3204
0 3205
0 3206
3 3207
3 3208
3 3209
2 3210
3 3211
3 3212
0 3213
3 3214
4 3215
4 3216
4 3217
3 3218
3 3219
3 3220
4 3221
3 3222
4 3223
4 3224
4 3225
4 3226
4 3227
4 3228
4 3229
4 3230
4 3231
4 3232
4 3233
4 3234
4 3235
4 3236
4 3237
4 3238
0 3239
1 3240
0 3241
1 3242
3 3243
0 3244
0 3245
0 3246
0 3247
0 3248
1 3249
4 3250
2 3251
1 3252
4 3253
2 3254
1 3255
0 3256
2 3257
2 3258
2 3259
2 3260
2 3261
2 3262
2 3263
1 3264
1 3265
1 3266
1 3267
1 3268
1 3269
4 3270
2 3271
0 3272
1 3273
4 3274
1 3275
1 3276
3 3277
3 3278
2 3279
3 3280
2 3281
3 3282
3 3283
3 3284
3 3285
1 3286
1 3287
1 3288
1 3289
1 3290
0 3291
1 3292
0 3293
1 3294
3 3295
1 3296
3 3297
3 3298
3 3299
3 3300
3 3301
4 3302
0 3303
1 3304
3 3305
4 3306
0 3307
2 3308
4 3309
2 3310
2 3311
2 3312
2 3313
2 3314
2 3315
1 3316
2 3317
1 3318
4 3319
0 3320
0 3321
0 3322
1 3323
2 3324
2 3325
2 3326
2 3327
0 3328
3 3329
3 3330
3 3331
4 3332
0 3333
0 3334
0 3335
0 3336
0 3337
0 3338
4 3339
2 3340
2 3341
2 3342
2 3343
2 3344
2 3345
2 3346
2 3347
2 3348
2 3349
4 3350
0 3351
1 3352
1 3353
1 3354
3 3355
1 3356
0 3357
1 3358
0 3359
1 3360
2 3361
2 3362
2 3363
2 3364
1 3365
1 3366
1 3367
3 3368
0 3369
1 3370
1 3371
2 3372
3 3373
0 3374
2 3375
1 3376
2 3377
2 3378
2 3379
1 3380
2 3381
1 3382
3 3383
0 3384
2 3385
4 3386
1 3387
1 3388
1 3389
1 3390
1 3391
1 3392
1 3393
1 3394
3 3395
2 3396
2 3397
2 3398
2 3399
2 3400
2 3401
2 3402
2 3403
3 3404
2 3405
3 3406
3 3407
2 3408
0 3409
1 3410
3 3411
0 3412
1 3413
3 3414
0 3415
0 3416
1 3417
1 3418
2 3419
2 3420
2 3421
0 3422
3 3423
4 3424
4 3425
4 3426
4 3427
4 3428
4 3429
1 3430
4 3431
2 3432
3 3433
3 3434
2 3435
3 3436
2 3437
3 3438
4 3439
3 3440
0 3441
2 3442
2 3443
2 3444
2 3445
2 3446
1 3447
3 3448
3 3449
3 3450
3 3451
3 3452
2 3453
2 3454
2 3455
0 3456
4 3457
2 3458
1 3459
2 3460
4 3461
4 3462
4 3463
4 3464
4 3465
4 3466
4 3467
4 3468
2 3469
2 3470
2 3471
2 3472
4 3473
2 3474
4 3475
2 3476
3 3477
4 3478
0 3479
1 3480
3 3481
3 3482
3 3483
3 3484
0 3485
2 3486
3 3487
0 3488
2 3489
0 3490
2 3491
0 3492
4 3493
4 3494
1 3495
1 3496
0 3497
1 3498
0 3499
4 3500
1 3501
0 3502
1 3503
4 3504
1 3505
4 3506
3 3507
1 3508
4 3509
3 3510
1 3511
4 3512
3 3513
1 3514
4 3515
1 3516
0 3517
1 3518
4 3519
1 3520
4 3521
1 3522
0 3523
4 3524
1 3525
4 3526
1 3527
4 3528
4 3529
4 3530
4 3531
4 3532
2 3533
0 3534
2 3535
0 3536
2 3537
0 3538
4 3539
4 3540
2 3541
0 3542
2 3543
0 3544
0 3545
0 3546
0 3547
0 3548
0 3549
0 3550
0 3551
0 3552
0 3553
0 3554
0 3555
0 3556
0 3557
0 3558
0 3559
0 3560
0 3561
2 3562
2 3563
4 3564
4 3565
4 3566
4 3567
4 3568
4 3569
2 3570
4 3571
2 3572
0 3573
0 3574
0 3575
0 3576
0 3577
0 3578
0 3579
0 3580
4 3581
3 3582
3 3583
3 3584
3 3585
3 3586
3 3587
3 3588
3 3589
3 3590
3 3591
3 3592
3 3593
3 3594
3 3595
1 3596
2 3597
2 3598
2 3599
1 3600
3 3601
3 3602
3 3603
3 3604
3 3605
0 3606
0 3607
0 3608
0 3609
0 3610
4 3611
4 3612
4 3613
2 3614
2 3615
1 3616
1 3617
0 3618
0 3619
0 3620
0 3621
0 3622
1 3623
1 3624
1 3625
1 3626
0 3627
0 3628
0 3629
0 3630
0 3631
0 3632
0 3633
0 3634
0 3635
0 3636
0 3637
0 3638
0 3639
0 3640
2 3641
1 3642
1 3643
1 3644
1 3645
1 3646
0 3647
0 3648
1 3649
1 3650
0 3651
1 3652
1 3653
1 3654
2 3655
3 3656
3 3657
0 3658
3 3659
0 3660
4 3661
1 3662
1 3663
1 3664
1 3665
1 3666
0 3667
1 3668
1 3669
1 3670
0 3671
1 3672
1 3673
1 3674
2 3675
3 3676
0 3677
3 3678
0 3679
0 3680
3 3681
0 3682
2 3683
2 3684
2 3685
2 3686
2 3687
2 3688
2 3689
2 3690
1 3691
1 3692
4 3693
0 3694
0 3695
0 3696
4 3697
4 3698
4 3699
4 3700
4 3701
4 3702
4 3703
0 3704
0 3705
0 3706
1 3707
1 3708
1 3709
0 3710
1 3711
2 3712
1 3713
3 3714
4 3715
3 3716
4 3717
0 3718
0 3719
3 3720
4 3721
0 3722
3 3723
3 3724
3 3725
3 3726
3 3727
3 3728
3 3729
3 3730
3 3731
3 3732
3 3733
3 3734
3 3735
3 3736
3 3737
3 3738
3 3739
3 3740
3 3741
3 3742
3 3743
3 3744
3 3745
3 3746
3 3747
3 3748
3 3749
3 3750
3 3751
3 3752
3 3753
3 3754
3 3755
3 3756
3 3757
3 3758
3 3759
3 3760
3 3761
3 3762
3 3763
3 3764
3 3765
3 3766
3 3767
3 3768
3 3769
3 3770
3 3771
3 3772
3 3773
3 3774
3 3775
3 3776
3 3777
3 3778
3 3779
3 3780
4 3781
4 3782
4 3783
4 3784
2 3785
4 3786
2 3787
4 3788
1 3789
1 3790
1 3791
1 3792
1 3793
1 3794
0 3795
0 3796
1 3797
0 3798
4 3799
2 3800
1 3801
2 3802
1 3803
0 3804
4 3805
3 3806
2 3807
1 3808
0 3809
4 3810
2 3811
1 3812
2 3813
1 3814
0 3815
1 3816
0 3817
1 3818
3 3819
1 3820
3 3821
0 3822
0 3823
0 3824
0 3825
0 3826
0 3827
1 3828
0 3829
0 3830
0 3831
1 3832
1 3833
1 3834
1 3835
0 3836
1 3837
1 3838
1 3839
0 3840
2 3841
2 3842
3 3843
2 3844
2 3845
2 3846
2 3847
4 3848
2 3849
4 3850
0 3851
1 3852
0 3853
2 3854
3 3855
4 3856
0 3857
2 3858
1 3859
2 3860
1 3861
2 3862
1 3863
2 3864
0 3865
1 3866
2 3867
0 3868
0 3869
1 3870
0 3871
1 3872
0 3873
1 3874
4 3875
3 3876
3 3877
3 3878
3 3879
3 3880
0 3881
2 3882
3 3883
4 3884
2 3885
3 3886
2 3887
0 3888
0 3889
0 3890
0 3891
0 3892
2 3893
2 3894
2 3895
2 3896
2 3897
2 3898
3 3899
2 3900
0 3901
0 3902
3 3903
1 3904
0 3905
3 3906
4 3907
4 3908
3 3909
4 3910
3 3911
4 3912
4 3913
4 3914
4 3915
4 3916
4 3917
4 3918
4 3919
4 3920
4 3921
4 3922
4 3923
4 3924
0 3925
2 3926
1 3927
3 3928
0 3929
1 3930
0 3931
0 3932
0 3933
0 3934
0 3935
0 3936
1 3937
4 3938
4 3939
4 3940
4 3941
1 3942
1 3943
4 3944
1 3945
0 3946
2 3947
1 3948
4 3949
3 3950
0 3951
2 3952
3 3953
3 3954
3 3955
3 3956
3 3957
1 3958
0 3959
2 3960
3 3961
1 3962
3 3963
1 3964
2 3965
0 3966
0 3967
2 3968
4 3969
1 3970
2 3971
4 3972
1 3973
1 3974
1 3975
1 3976
0 3977
3 3978
3 3979
0 3980
1 3981
3 3982
3 3983
3 3984
3 3985
3 3986
4 3987
2 3988
4 3989
2 3990
4 3991
4 3992
0 3993
3 3994
1 3995
4 3996
0 3997
4 3998
0 3999
4 4000
3 4001
0 4002
0 4003
0 4004
0 4005
0 4006
0 4007
0 4008
0 4009
1 4010
2 4011
1 4012
1 4013
4 4014
0 4015
1 4016
0 4017
0 4018
1 4019
1 4020
1 4021
1 4022
0 4023
2 4024
3 4025
0 4026
2 4027
3 4028
4 4029
0 4030
3 4031
1 4032
1 4033
1 4034
1 4035
2 4036
4 4037
0 4038
0 4039
4 4040
2 4041
2 4042
2 4043
2 4044
0 4045
3 4046
4 4047
2 4048
2 4049
2 4050
2 4051
2 4052
2 4053
2 4054
2 4055
2 4056
4 4057
2 4058
4 4059
0 4060
1 4061
0 4062
1 4063
0 4064
0 4065
0 4066
0 4067
2 4068
0 4069
2 4070
4 4071
4 4072
4 4073
4 4074
4 4075
4 4076
4 4077
0 4078
0 4079
3 4080
0 4081
3 4082
3 4083
0 4084
1 4085
3 4086
0 4087
1 4088
1 4089
2 4090
1 4091
2 4092
1 4093
0 4094
2 4095
3 4096
2 4097
3 4098
4 4099
0 4100
1 4101
1 4102
1 4103
1 4104
3 4105
3 4106
1 4107
4 4108
3 4109
1 4110
4 4111
2 4112
2 4113
2 4114
2 4115
2 4116
0 4117
1 4118
3 4119
2 4120
4 4121
0 4122
0 4123
2 4124
4 4125
2 4126
4 4127
2 4128
4 4129
2 4130
2 4131
0 4132
0 4133
0 4134
0 4135
0 4136
1 4137
2 4138
0 4139
1 4140
1 4141
3 4142
2 4143
3 4144
2 4145
4 4146
3 4147
4 4148
3 4149
0 4150
2 4151
2 4152
2 4153
2 4154
1 4155
3 4156
3 4157
3 4158
3 4159
3 4160
3 4161
3 4162
3 4163
4 4164
4 4165
1 4166
2 4167
0 4168
1 4169
0 4170
1 4171
0 4172
1 4173
0 4174
1 4175
0 4176
1 4177
2 4178
4 4179
1 4180
2 4181
0 4182
3 4183
3 4184
3 4185
0 4186
3 4187
3 4188
0 4189
0 4190
0 4191
0 4192
2 4193
0 4194
2 4195
0 4196
3 4197
2 4198
2 4199
2 4200
1 4201
1 4202
0 4203
4 4204
3 4205
2 4206
4 4207
4 4208
1 4209
4 4210
4 4211
4 4212
4 4213
1 4214
0 4215
2 4216
2 4217
4 4218
4 4219
4 4220
4 4221
1 4222
4 4223
2 4224
1 4225
4 4226
2 4227
2 4228
2 4229
2 4230
2 4231
4 4232
4 4233
4 4234
1 4235
1 4236
1 4237
1 4238
1 4239
1 4240
1 4241
1 4242
1 4243
1 4244
1 4245
1 4246
1 4247
1 4248
1 4249
1 4250
1 4251
1 4252
1 4253
1 4254
1 4255
1 4256
1 4257
1 4258
1 4259
1 4260
1 4261
1 4262
1 4263
1 4264
1 4265
1 4266
1 4267
1 4268
1 4269
1 4270
1 4271
1 4272
1 4273
1 4274
1 4275
1 4276
1 4277
1 4278
1 4279
1 4280
1 4281
1 4282
1 4283
1 4284
1 4285
1 4286
0 4287
1 4288
1 4289
1 4290
1 4291
1 4292
1 4293
1 4294
2 4295
0 4296
0 4297
0 4298
0 4299
0 4300
0 4301
0 4302
3 4303
3 4304
4 4305
3 4306
4 4307
4 4308
4 4309
4 4310
4 4311
0 4312
4 4313
0 4314
1 4315
2 4316
0 4317
4 4318
0 4319
1 4320
1 4321
1 4322
2 4323
0 4324
1 4325
1 4326
1 4327
0 4328
1 4329
0 4330
1 4331
1 4332
1 4333
1 4334
1 4335
1 4336
1 4337
0 4338
4 4339
1 4340
0 4341
4 4342
0 4343
4 4344
4 4345
4 4346
4 4347
4 4348
4 4349
2 4350
2 4351
2 4352
2 4353
2 4354
2 4355
2 4356
2 4357
2 4358
2 4359
0 4360
4 4361
4 4362
4 4363
4 4364
1 4365
4 4366
0 4367
4 4368
2 4369
4 4370
2 4371
3 4372
3 4373
3 4374
3 4375
3 4376
3 4377
2 4378
4 4379
4 4380
4 4381
4 4382
4 4383
4 4384
4 4385
4 4386
4 4387
4 4388
4 4389
4 4390
4 4391
0 4392
1 4393
1 4394
1 4395
3 4396
0 4397
0 4398
1 4399
1 4400
1 4401
0 4402
0 4403
0 4404
0 4405
0 4406
0 4407
0 4408
0 4409
1 4410
1 4411
0 4412
0 4413
0 4414
0 4415
2 4416
1 4417
1 4418
0 4419
0 4420
0 4421
0 4422
0 4423
0 4424
3 4425
3 4426
3 4427
3 4428
3 4429
3 4430
3 4431
3 4432
3 4433
0 4434
0 4435
2 4436
3 4437
4 4438
0 4439
3 4440
4 4441
0 4442
1 4443
1 4444
1 4445
2 4446
2 4447
2 4448
2 4449
2 4450
2 4451
2 4452
3 4453
0 4454
3 4455
1 4456
0 4457
3 4458
2 4459
2 4460
0 4461
4 4462
0 4463
3 4464
2 4465
0 4466
1 4467
2 4468
1 4469
2 4470
1 4471
1 4472
1 4473
0 4474
3 4475
1 4476
1 4477
4 4478
1 4479
1 4480
0 4481
2 4482
1 4483
1 4484
0 4485
0 4486
3 4487
0 4488
3 4489
1 4490
1 4491
0 4492
1 4493
1 4494
1 4495
2 4496
3 4497
4 4498
3 4499
4 4500
3 4501
4 4502
3 4503
4 4504
3 4505
4 4506
0 4507
3 4508
4 4509
0 4510
0 4511
0 4512
0 4513
0 4514
0 4515
1 4516
3 4517
3 4518
3 4519
3 4520
3 4521
2 4522
0 4523
0 4524
0 4525
0 4526
0 4527
3 4528
3 4529
3 4530
3 4531
3 4532
3 4533
3 4534
2 4535
0 4536
4 4537
4 4538
4 4539
4 4540
4 4541
4 4542
4 4543
2 4544
2 4545
0 4546
0 4547
0 4548
0 4549
0 4550
0 4551
0 4552
0 4553
0 4554
0 4555
0 4556
0 4557
0 4558
0 4559
0 4560
0 4561
0 4562
0 4563
0 4564
0 4565
0 4566
3 4567
1 4568
1 4569
3 4570
3 4571
3 4572
3 4573
3 4574
3 4575
3 4576
3 4577
3 4578
3 4579
2 4580
2 4581
2 4582
2 4583
2 4584
2 4585
2 4586
4 4587
4 4588
4 4589
4 4590
4 4591
1 4592
3 4593
2 4594
0 4595
0 4596
0 4597
0 4598
0 4599
0 4600
0 4601
0 4602
4 4603
2 4604
1 4605
0 4606
2 4607
4 4608
3 4609
3 4610
3 4611
3 4612
3 4613
3 4614
3 4615
3 4616
3 4617
3 4618
2 4619
2 4620
2 4621
2 4622
2 4623
2 4624
2 4625
2 4626
2 4627
2 4628
2 4629
4 4630
1 4631
1 4632
1 4633
2 4634
1 4635
4 4636
2 4637
3 4638
4 4639
2 4640
1 4641
0 4642
3 4643
4 4644
0 4645
0 4646
0 4647
0 4648
0 4649
2 4650
1 4651
1 4652
1 4653
1 4654
4 4655
4 4656
4 4657
4 4658
1 4659
0 4660
0 4661
1 4662
2 4663
3 4664
2 4665
3 4666
2 4667
3 4668
0 4669
3 4670
2 4671
1 4672
2 4673
1 4674
4 4675
1 4676
4 4677
3 4678
0 4679
2 4680
3 4681
3 4682
0 4683
2 4684
1 4685
2 4686
1 4687
1 4688
3 4689
2 4690
3 4691
3 4692
0 4693
0 4694
1 4695
2 4696
4 4697
0 4698
1 4699
2 4700
4 4701
4 4702
4 4703
4 4704
4 4705
3 4706
1 4707
4 4708
0 4709
1 4710
4 4711
0 4712
1 4713
0 4714
1 4715
0 4716
1 4717
3 4718
0 4719
2 4720
4 4721
4 4722
4 4723
2 4724
4 4725
0 4726
2 4727
1 4728
3 4729
4 4730
0 4731
0 4732
3 4733
1 4734
2 4735
0 4736
1 4737
4 4738
4 4739
4 4740
4 4741
4 4742
1 4743
0 4744
2 4745
1 4746
4 4747
1 4748
4 4749
1 4750
1 4751
1 4752
4 4753
3 4754
3 4755
3 4756
3 4757
1 4758
1 4759
1 4760
3 4761
3 4762
2 4763
3 4764
2 4765
3 4766
3 4767
3 4768
1 4769
2 4770
1 4771
0 4772
1 4773
0 4774
1 4775
3 4776
2 4777
0 4778
2 4779
2 4780
2 4781
2 4782
1 4783
0 4784
0 4785
0 4786
0 4787
1 4788
3 4789
4 4790
4 4791
2 4792
4 4793
2 4794
4 4795
2 4796
4 4797
2 4798
0 4799
0 4800
1 4801
4 4802
0 4803
1 4804
0 4805
4 4806
3 4807
1 4808
2 4809
2 4810
0 4811
3 4812
2 4813
1 4814
1 4815
0 4816
4 4817
2 4818
3 4819
3 4820
0 4821
3 4822
0 4823
0 4824
1 4825
1 4826
0 4827
2 4828
2 4829
2 4830
3 4831
0 4832
2 4833
4 4834
4 4835
4 4836
4 4837
4 4838
4 4839
4 4840
4 4841
4 4842
4 4843
4 4844
2 4845
4 4846
0 4847
3 4848
0 4849
4 4850
4 4851
4 4852
4 4853
1 4854
1 4855
2 4856
3 4857
4 4858
4 4859
4 4860
0 4861
2 4862
2 4863
1 4864
1 4865
2 4866
2 4867
4 4868
4 4869
4 4870
4 4871
4 4872
3 4873
0 4874
4 4875
4 4876
4 4877
4 4878
3 4879
0 4880
4 4881
4 4882
4 4883
4 4884
0 4885
4 4886
0 4887
1 4888
1 4889
1 4890
3 4891
1 4892
1 4893
3 4894
2 4895
2 4896
4 4897
1 4898
2 4899
4 4900
3 4901
3 4902
1 4903
2 4904
0 4905
3 4906
2 4907
4 4908
2 4909
4 4910
4 4911
0 4912
1 4913
1 4914
0 4915
2 4916
2 4917
2 4918
2 4919
2 4920
2 4921
0 4922
0 4923
0 4924
1 4925
1 4926
0 4927
2 4928
0 4929
1 4930
1 4931
2 4932
1 4933
2 4934
4 4935
4 4936
1 4937
1 4938
1 4939
2 4940
1 4941
1 4942
1 4943
0 4944
1 4945
3 4946
4 4947
0 4948
0 4949
1 4950
1 4951
1 4952
1 4953
3 4954
3 4955
3 4956
3 4957
3 4958
3 4959
3 4960
2 4961
1 4962
2 4963
2 4964
2 4965
2 4966
0 4967
2 4968
0 4969
3 4970
3 4971
3 4972
4 4973
3 4974
3 4975
3 4976
3 4977
3 4978
4 4979
0 4980
3 4981
4 4982
3 4983
3 4984
3 4985
0 4986
3 4987
1 4988
4 4989
1 4990
4 4991
1 4992
2 4993
2 4994
4 4995
2 4996
3 4997
2 4998
4 4999
1 5000
2 5001
4 5002
1 5003
1 5004
1 5005
1 5006
1 5007
2 5008
3 5009
3 5010
2 5011
1 5012
3 5013
3 5014
3 5015
3 5016
4 5017
3 5018
4 5019
3 5020
4 5021
1 5022
0 5023
4 5024
4 5025
0 5026
3 5027
3 5028
0 5029
1 5030
2 5031
3 5032
0 5033
0 5034
2 5035
3 5036
4 5037
2 5038
3 5039
3 5040
1 5041
1 5042
2 5043
4 5044
2 5045
3 5046
0 5047
3 5048
2 5049
0 5050
3 5051
1 5052
2 5053
4 5054
3 5055
4 5056
4 5057
4 5058
4 5059
2 5060
3 5061
3 5062
3 5063
0 5064
1 5065
1 5066
4 5067
3 5068
3 5069
0 5070
3 5071
0 5072
1 5073
1 5074
1 5075
4 5076
0 5077
2 5078
2 5079
3 5080
3 5081
3 5082
3 5083
3 5084
3 5085
3 5086
1 5087
4 5088
3 5089
3 5090
3 5091
3 5092
2 5093
1 5094
2 5095
1 5096
1 5097
1 5098
0 5099
2 5100
1 5101
4 5102
1 5103
4 5104
0 5105
4 5106
0 5107
4 5108
0 5109
4 5110
0 5111
0 5112
0 5113
0 5114
0 5115
0 5116
3 5117
3 5118
3 5119
3 5120
3 5121
3 5122
3 5123
3 5124
3 5125
3 5126
3 5127
2 5128
4 5129
0 5130
0 5131
0 5132
0 5133
0 5134
0 5135
0 5136
0 5137
0 5138
0 5139
0 5140
0 5141
0 5142
0 5143
0 5144
0 5145
0 5146
0 5147
0 5148
0 5149
0 5150
0 5151
0 5152
4 5153
4 5154
4 5155
0 5156
2 5157
3 5158
3 5159
3 5160
0 5161
4 5162
4 5163
1 5164
2 5165
2 5166
2 5167
2 5168
1 5169
2 5170
2 5171
2 5172
2 5173
2 5174
1 5175
2 5176
2 5177
2 5178
3 5179
3 5180
3 5181
1 5182
0 5183
4 5184
4 5185
4 5186
4 5187
2 5188
1 5189
3 5190
1 5191
2 5192
2 5193
2 5194
2 5195
0 5196
3 5197
3 5198
3 5199
3 5200
3 5201
3 5202
3 5203
3 5204
3 5205
3 5206
3 5207
3 5208
3 5209
3 5210
4 5211
0 5212
0 5213
0 5214
4 5215
0 5216
0 5217
0 5218
0 5219
0 5220
0 5221
0 5222
0 5223
0 5224
0 5225
0 5226
0 5227
2 5228
2 5229
2 5230
2 5231
2 5232
2 5233
2 5234
2 5235
2 5236
2 5237
2 5238
2 5239
2 5240
2 5241
2 5242
2 5243
3 5244
2 5245
2 5246
3 5247
4 5248
4 5249
4 5250
4 5251
3 5252
1 5253
1 5254
0 5255
3 5256
1 5257
4 5258
0 5259
2 5260
2 5261
0 5262
3 5263
2 5264
0 5265
3 5266
2 5267
0 5268
1 5269
2 5270
2 5271
0 5272
0 5273
0 5274
2 5275
3 5276
0 5277
4 5278
4 5279
4 5280
4 5281
4 5282
4 5283
4 5284
4 5285
4 5286
4 5287
4 5288
0 5289
1 5290
2 5291
2 5292
2 5293
2 5294
2 5295
2 5296
0 5297
4 5298
4 5299
4 5300
4 5301
4 5302
4 5303
4 5304
4 5305
4 5306
4 5307
0 5308
0 5309
3 5310
2 5311
2 5312
3 5313
2 5314
3 5315
0 5316
0 5317
3 5318
0 5319
0 5320
3 5321
0 5322
0 5323
3 5324
2 5325
2 5326
3 5327
2 5328
2 5329
3 5330
2 5331
2 5332
3 5333
3 5334
0 5335
3 5336
3 5337
0 5338
0 5339
0 5340
3 5341
0 5342
0 5343
3 5344
2 5345
2 5346
2 5347
2 5348
1 5349
1 5350
1 5351
1 5352
1 5353
1 5354
1 5355
1 5356
1 5357
1 5358
0 5359
0 5360
0 5361
1 5362
2 5363
2 5364
2 5365
2 5366
3 5367
0 5368
1 5369
0 5370
2 5371
3 5372
1 5373
1 5374
1 5375
2 5376
2 5377
2 5378
2 5379
2 5380
2 5381
2 5382
2 5383
2 5384
2 5385
2 5386
2 5387
2 5388
2 5389
2 5390
2 5391
2 5392
2 5393
2 5394
2 5395
2 5396
2 5397
2 5398
2 5399
4 5400
2 5401
4 5402
0 5403
0 5404
4 5405
0 5406
1 5407
1 5408
3 5409
0 5410
0 5411
0 5412
4 5413
1 5414
1 5415
1 5416
4 5417
1 5418
3 5419
0 5420
0 5421
0 5422
0 5423
0 5424
1 5425
0 5426
1 5427
2 5428
4 5429
3 5430
0 5431
0 5432
0 5433
0 5434
0 5435
0 5436
0 5437
0 5438
0 5439
0 5440
0 5441
4 5442
2 5443
2 5444
2 5445
2 5446
2 5447
2 5448
2 5449
2 5450
2 5451
0 5452
0 5453
0 5454
0 5455
0 5456
0 5457
0 5458
0 5459
0 5460
0 5461
4 5462
1 5463
2 5464
4 5465
2 5466
4 5467
0 5468
0 5469
0 5470
0 5471
0 5472
3 5473
3 5474
3 5475
3 5476
3 5477
3 5478
3 5479
3 5480
3 5481
3 5482
3 5483
3 5484
3 5485
3 5486
3 5487
3 5488
3 5489
3 5490
3 5491
3 5492
0 5493
0 5494
1 5495
0 5496
1 5497
0 5498
0 5499
0 5500
0 5501
0 5502
0 5503
0 5504
2 5505
3 5506
3 5507
3 5508
3 5509
3 5510
3 5511
3 5512
3 5513
3 5514
3 5515
3 5516
3 5517
3 5518
3 5519
3 5520
3 5521
3 5522
3 5523
3 5524
3 5525
1 5526
1 5527
4 5528
1 5529
1 5530
1 5531
1 5532
1 5533
1 5534
0 5535
0 5536
3 5537
1 5538
1 5539
1 5540
2 5541
3 5542
2 5543
3 5544
2 5545
3 5546
1 5547
2 5548
1 5549
0 5550
3 5551
2 5552
0 5553
3 5554
0 5555
3 5556
0 5557
3 5558
0 5559
0 5560
0 5561
1 5562
2 5563
0 5564
1 5565
2 5566
3 5567
0 5568
0 5569
0 5570
3 5571
2 5572
1 5573
2 5574
1 5575
2 5576
1 5577
2 5578
3 5579
0 5580
3 5581
0 5582
2 5583
4 5584
4 5585
4 5586
1 5587
2 5588
1 5589
2 5590
1 5591
0 5592
1 5593
0 5594
1 5595
2 5596
2 5597
2 5598
2 5599
1 5600
0 5601
3 5602
2 5603
1 5604
1 5605
1 5606
1 5607
1 5608
2 5609
4 5610
1 5611
4 5612
1 5613
1 5614
4 5615
0 5616
0 5617
0 5618
0 5619
0 5620
0 5621
0 5622
1 5623
2 5624
3 5625
0 5626
1 5627
4 5628
2 5629
4 5630
2 5631
4 5632
2 5633
4 5634
4 5635
4 5636
4 5637
4 5638
4 5639
4 5640
4 5641
1 5642
1 5643
0 5644
0 5645
1 5646
2 5647
3 5648
3 5649
3 5650
3 5651
3 5652
3 5653
3 5654
3 5655
3 5656
3 5657
1 5658
2 5659
3 5660
1 5661
2 5662
3 5663
3 5664
3 5665
3 5666
2 5667
4 5668
1 5669
2 5670
4 5671
1 5672
1 5673
1 5674
1 5675
1 5676
1 5677
0 5678
1 5679
0 5680
1 5681
3 5682
0 5683
0 5684
0 5685
0 5686
1 5687
1 5688
1 5689
1 5690
1 5691
2 5692
3 5693
3 5694
3 5695
4 5696
4 5697
4 5698
4 5699
4 5700
4 5701
4 5702
4 5703
4 5704
4 5705
0 5706
1 5707
0 5708
1 5709
0 5710
1 5711
3 5712
0 5713
1 5714
0 5715
0 5716
0 5717
0 5718
0 5719
0 5720
0 5721
0 5722
1 5723
4 5724
0 5725
1 5726
1 5727
1 5728
0 5729
3 5730
2 5731
2 5732
2 5733
2 5734
2 5735
2 5736
2 5737
2 5738
2 5739
2 5740
2 5741
2 5742
1 5743
0 5744
1 5745
2 5746
1 5747
3 5748
0 5749
4 5750
2 5751
3 5752
1 5753
2 5754
3 5755
1 5756
0 5757
0 5758
1 5759
1 5760
1 5761
1 5762
1 5763
2 5764
4 5765
1 5766
1 5767
1 5768
1 5769
1 5770
1 5771
1 5772
1 5773
1 5774
1 5775
1 5776
4 5777
4 5778
1 5779
4 5780
3 5781
0 5782
0 5783
0 5784
0 5785
3 5786
3 5787
2 5788
3 5789
3 5790
3 5791
1 5792
1 5793
2 5794
4 5795
0 5796
1 5797
2 5798
2 5799
2 5800
2 5801
2 5802
0 5803
2 5804
0 5805
4 5806
2 5807
2 5808
2 5809
2 5810
2 5811
2 5812
2 5813
2 5814
2 5815
2 5816
0 5817
0 5818
0 5819
0 5820
4 5821
2 5822
3 5823
0 5824
1 5825
0 5826
1 5827
3 5828
0 5829
1 5830
3 5831
4 5832
4 5833
4 5834
0 5835
1 5836
2 5837
0 5838
0 5839
1 5840
1 5841
2 5842
2 5843
2 5844
2 5845
2 5846
3 5847
3 5848
3 5849
3 5850
3 5851
3 5852
0 5853
0 5854
0 5855
0 5856
4 5857
4 5858
4 5859
4 5860
4 5861
0 5862
2 5863
0 5864
2 5865
0 5866
1 5867
3 5868
0 5869
1 5870
3 5871
1 5872
1 5873
1 5874
1 5875
1 5876
1 5877
1 5878
1 5879
1 5880
0 5881
3 5882
2 5883
0 5884
2 5885
0 5886
2 5887
4 5888
1 5889
1 5890
0 5891
3 5892
0 5893
2 5894
4 5895
1 5896
2 5897
2 5898
2 5899
2 5900
2 5901
3 5902
3 5903
1 5904
2 5905
1 5906
2 5907
0 5908
2 5909
0 5910
1 5911
3 5912
3 5913
2 5914
0 5915
0 5916
1 5917
4 5918
2 5919
3 5920
3 5921
3 5922
3 5923
2 5924
3 5925
2 5926
3 5927
2 5928
3 5929
2 5930
3 5931
2 5932
3 5933
2 5934
3 5935
2 5936
3 5937
3 5938
3 5939
3 5940
1 5941
3 5942
1 5943
3 5944
0 5945
0 5946
3 5947
0 5948
3 5949
2 5950
2 5951
2 5952
2 5953
1 5954
4 5955
3 5956
4 5957
3 5958
3 5959
4 5960
3 5961
2 5962
1 5963
4 5964
4 5965
1 5966
3 5967
2 5968
1 5969
0 5970
1 5971
2 5972
4 5973
1 5974
2 5975
1 5976
2 5977
1 5978
2 5979
1 5980
3 5981
4 5982
0 5983
2 5984
1 5985
2 5986
1 5987
3 5988
4 5989
2 5990
2 5991
2 5992
2 5993
4 5994
4 5995
2 5996
0 5997
0 5998
4 5999
3 6000
4 6001
3 6002
1 6003
2 6004
2 6005
2 6006
2 6007
2 6008
2 6009
2 6010
2 6011
2 6012
2 6013
4 6014
1 6015
4 6016
1 6017
1 6018
4 6019
1 6020
1 6021
1 6022
0 6023
0 6024
1 6025
1 6026
0 6027
2 6028
1 6029
1 6030
1 6031
1 6032
1 6033
3 6034
0 6035
4 6036
2 6037
0 6038
4 6039
2 6040
1 6041
1 6042
1 6043
1 6044
1 6045
1 6046
1 6047
1 6048
1 6049
1 6050
1 6051
1 6052
1 6053
1 6054
1 6055
1 6056
1 6057
1 6058
1 6059
1 6060
1 6061
1 6062
1 6063
1 6064
1 6065
1 6066
1 6067
1 6068
1 6069
1 6070
1 6071
1 6072
1 6073
1 6074
1 6075
1 6076
1 6077
2 6078
2 6079
2 6080
4 6081
0 6082
0 6083
0 6084
0 6085
0 6086
0 6087
0 6088
0 6089
2 6090
2 6091
0 6092
0 6093
0 6094
0 6095
0 6096
0 6097
0 6098
0 6099
0 6100
0 6101
0 6102
0 6103
0 6104
2 6105
0 6106
0 6107
0 6108
4 6109
3 6110
3 6111
3 6112
3 6113
3 6114
3 6115
3 6116
3 6117
0 6118
0 6119
0 6120
0 6121
0 6122
0 6123
0 6124
0 6125
4 6126
1 6127
4 6128
1 6129
1 6130
1 6131
2 6132
2 6133
2 6134
3 6135
3 6136
0 6137
0 6138
1 6139
0 6140
1 6141
1 6142
0 6143
1 6144
1 6145
0 6146
3 6147
0 6148
0 6149
1 6150
3 6151
3 6152
3 6153
3 6154
3 6155
3 6156
4 6157
0 6158
4 6159
0 6160
4 6161
0 6162
2 6163
2 6164
0 6165
1 6166
0 6167
2 6168
2 6169
4 6170
2 6171
4 6172
2 6173
3 6174
1 6175
1 6176
1 6177
1 6178
1 6179
2 6180
2 6181
2 6182
2 6183
2 6184
2 6185
2 6186
2 6187
2 6188
2 6189
2 6190
0 6191
1 6192
1 6193
1 6194
0 6195
1 6196
1 6197
0 6198
1 6199
0 6200
0 6201
1 6202
1 6203
0 6204
1 6205
1 6206
1 6207
3 6208
0 6209
2 6210
3 6211
0 6212
0 6213
0 6214
0 6215
0 6216
3 6217
0 6218
2 6219
3 6220
1 6221
1 6222
1 6223
1 6224
1 6225
0 6226
0 6227
0 6228
0 6229
0 6230
4 6231
4 6232
1 6233
4 6234
1 6235
2 6236
4 6237
4 6238
4 6239
4 6240
0 6241
3 6242
3 6243
3 6244
3 6245
3 6246
3 6247
3 6248
3 6249
3 6250
3 6251
3 6252
3 6253
3 6254
3 6255
3 6256
3 6257
3 6258
3 6259
3 6260
3 6261
3 6262
3 6263
3 6264
3 6265
3 6266
3 6267
3 6268
3 6269
3 6270
3 6271
3 6272
3 6273
3 6274
3 6275
3 6276
3 6277
3 6278
3 6279
3 6280
3 6281
3 6282
3 6283
3 6284
3 6285
3 6286
3 6287
3 6288
3 6289
3 6290
3 6291
3 6292
3 6293
0 6294
4 6295
4 6296
0 6297
3 6298
3 6299
3 6300
2 6301
4 6302
0 6303
0 6304
0 6305
3 6306
3 6307
3 6308
3 6309
3 6310
3 6311
3 6312
3 6313
3 6314
3 6315
2 6316
4 6317
4 6318
4 6319
4 6320
4 6321
4 6322
4 6323
4 6324
4 6325
4 6326
4 6327
4 6328
3 6329
3 6330
3 6331
3 6332
3 6333
3 6334
3 6335
3 6336
3 6337
3 6338
3 6339
3 6340
3 6341
3 6342
3 6343
3 6344
3 6345
3 6346
3 6347
3 6348
3 6349
3 6350
0 6351
3 6352
3 6353
3 6354
0 6355
0 6356
0 6357
0 6358
0 6359
0 6360
0 6361
0 6362
0 6363
0 6364
0 6365
0 6366
0 6367
0 6368
4 6369
0 6370
4 6371
3 6372
3 6373
3 6374
3 6375
3 6376
3 6377
3 6378
3 6379
3 6380
4 6381
4 6382
2 6383
1 6384
2 6385
2 6386
2 6387
2 6388
2 6389
2 6390
0 6391
2 6392
2 6393
2 6394
4 6395
2 6396
4 6397
0 6398
1 6399
4 6400
2 6401
2 6402
3 6403
3 6404
3 6405
3 6406
3 6407
3 6408
3 6409
3 6410
3 6411
3 6412
3 6413
3 6414
1 6415
2 6416
4 6417
1 6418
2 6419
2 6420
2 6421
3 6422
2 6423
1 6424
2 6425
1 6426
2 6427
2 6428
2 6429
2 6430
4 6431
4 6432
0 6433
2 6434
4 6435
0 6436
0 6437
0 6438
0 6439
0 6440
3 6441
4 6442
3 6443
1 6444
1 6445
1 6446
0 6447
2 6448
0 6449
2 6450
0 6451
2 6452
3 6453
4 6454
0 6455
1 6456
4 6457
0 6458
1 6459
2 6460
0 6461
1 6462
2 6463
0 6464
1 6465
0 6466
2 6467
3 6468
0 6469
2 6470
3 6471
0 6472
2 6473
1 6474
2 6475
1 6476
2 6477
1 6478
2 6479
1 6480
2 6481
0 6482
3 6483
0 6484
2 6485
3 6486
4 6487
0 6488
2 6489
0 6490
0 6491
3 6492
3 6493
3 6494
3 6495
3 6496
2 6497
2 6498
2 6499
2 6500
2 6501
3 6502
2 6503
3 6504
2 6505
2 6506
3 6507
0 6508
2 6509
3 6510
3 6511
3 6512
3 6513
1 6514
4 6515
1 6516
4 6517
1 6518
0 6519
1 6520
0 6521
1 6522
3 6523
2 6524
0 6525
0 6526
0 6527
1 6528
1 6529
1 6530
0 6531
1 6532
3 6533
3 6534
3 6535
4 6536
4 6537
4 6538
4 6539
4 6540
4 6541
4 6542
4 6543
4 6544
4 6545
0 6546
1 6547
0 6548
1 6549
0 6550
1 6551
0 6552
1 6553
0 6554
0 6555
0 6556
0 6557
0 6558
2 6559
1 6560
4 6561
2 6562
1 6563
4 6564
2 6565
4 6566
2 6567
4 6568
2 6569
2 6570
2 6571
2 6572
2 6573
2 6574
2 6575
1 6576
4 6577
1 6578
1 6579
1 6580
1 6581
4 6582
3 6583
1 6584
0 6585
1 6586
4 6587
3 6588
3 6589
3 6590
2 6591
3 6592
2 6593
3 6594
3 6595
3 6596
3 6597
3 6598
1 6599
1 6600
1 6601
3 6602
3 6603
3 6604
2 6605
4 6606
3 6607
2 6608
4 6609
1 6610
2 6611
1 6612
0 6613
1 6614
0 6615
0 6616
0 6617
0 6618
0 6619
0 6620
0 6621
3 6622
3 6623
3 6624
3 6625
4 6626
4 6627
4 6628
4 6629
2 6630
4 6631
2 6632
4 6633
2 6634
4 6635
2 6636
4 6637
0 6638
0 6639
0 6640
0 6641
1 6642
3 6643
1 6644
4 6645
0 6646
4 6647
2 6648
1 6649
4 6650
2 6651
1 6652
2 6653
1 6654
0 6655
0 6656
0 6657
0 6658
0 6659
0 6660
0 6661
0 6662
4 6663
4 6664
4 6665
4 6666
3 6667
3 6668
3 6669
3 6670
3 6671
1 6672
3 6673
4 6674
1 6675
3 6676
4 6677
0 6678
3 6679
1 6680
2 6681
2 6682
2 6683
2 6684
2 6685
2 6686
2 6687
2 6688
2 6689
2 6690
2 6691
2 6692
2 6693
2 6694
4 6695
0 6696
3 6697
2 6698
2 6699
2 6700
2 6701
2 6702
2 6703
2 6704
2 6705
2 6706
4 6707
2 6708
4 6709
0 6710
0 6711
3 6712
0 6713
3 6714
1 6715
1 6716
0 6717
1 6718
1 6719
0 6720
4 6721
4 6722
4 6723
2 6724
4 6725
2 6726
4 6727
3 6728
2 6729
1 6730
3 6731
3 6732
3 6733
3 6734
1 6735
1 6736
4 6737
4 6738
4 6739
4 6740
3 6741
1 6742
0 6743
2 6744
4 6745
1 6746
4 6747
1 6748
0 6749
1 6750
1 6751
0 6752
4 6753
4 6754
4 6755
4 6756
4 6757
4 6758
4 6759
4 6760
3 6761
1 6762
4 6763
2 6764
2 6765
2 6766
2 6767
4 6768
1 6769
0 6770
2 6771
0 6772
2 6773
0 6774
2 6775
3 6776
2 6777
2 6778
2 6779
2 6780
2 6781
3 6782
1 6783
2 6784
2 6785
0 6786
3 6787
0 6788
2 6789
0 6790
2 6791
3 6792
2 6793
3 6794
2 6795
3 6796
2 6797
3 6798
2 6799
3 6800
2 6801
0 6802
1 6803
4 6804
4 6805
4 6806
4 6807
4 6808
4 6809
4 6810
4 6811
4 6812
1 6813
1 6814
1 6815
1 6816
1 6817
4 6818
4 6819
4 6820
4 6821
0 6822
3 6823
0 6824
3 6825
0 6826
3 6827
1 6828
2 6829
2 6830
2 6831
4 6832
2 6833
1 6834
0 6835
1 6836
4 6837
3 6838
3 6839
4 6840
3 6841
4 6842
4 6843
4 6844
0 6845
2 6846
0 6847
3 6848
3 6849
3 6850
3 6851
3 6852
3 6853
1 6854
2 6855
4 6856
4 6857
4 6858
4 6859
4 6860
1 6861
4 6862
1 6863
0 6864
4 6865
1 6866
0 6867
4 6868
1 6869
0 6870
4 6871
4 6872
4 6873
4 6874
4 6875
4 6876
1 6877
0 6878
2 6879
1 6880
0 6881
2 6882
1 6883
0 6884
2 6885
3 6886
1 6887
4 6888
1 6889
4 6890
1 6891
4 6892
3 6893
2 6894
4 6895
3 6896
3 6897
3 6898
3 6899
4 6900
0 6901
4 6902
0 6903
0 6904
0 6905
0 6906
0 6907
0 6908
0 6909
0 6910
0 6911
0 6912
0 6913
0 6914
0 6915
0 6916
1 6917
4 6918
1 6919
2 6920
2 6921
0 6922
3 6923
2 6924
1 6925
4 6926
2 6927
1 6928
4 6929
2 6930
1 6931
0 6932
1 6933
1 6934
1 6935
1 6936
1 6937
1 6938
1 6939
1 6940
1 6941
1 6942
1 6943
1 6944
1 6945
1 6946
1 6947
1 6948
2 6949
4 6950
0 6951
2 6952
4 6953
2 6954
2 6955
2 6956
2 6957
2 6958
0 6959
0 6960
0 6961
0 6962
0 6963
0 6964
4 6965
4 6966
4 6967
4 6968
4 6969
0 6970
1 6971
2 6972
2 6973
2 6974
2 6975
2 6976
2 6977
0 6978
0 6979
2 6980
0 6981
2 6982
0 6983
1 6984
2 6985
3 6986
3 6987
1 6988
1 6989
2 6990
2 6991
2 6992
2 6993
2 6994
2 6995
2 6996
2 6997
2 6998
2 6999
2 7000
2 7001
2 7002
4 7003
0 7004
3 7005
1 7006
1 7007
0 7008
1 7009
2 7010
1 7011
4 7012
1 7013
4 7014
1 7015
4 7016
2 7017
1 7018
1 7019
1 7020
0 7021
3 7022
3 7023
1 7024
1 7025
3 7026
1 7027
1 7028
1 7029
1 7030
4 7031
3 7032
0 7033
0 7034
0 7035
0 7036
0 7037
0 7038
4 7039
4 7040
4 7041
4 7042
4 7043
2 7044
3 7045
0 7046
0 7047
0 7048
0 7049
0 7050
0 7051
0 7052
0 7053
1 7054
1 7055
1 7056
1 7057
1 7058
0 7059
0 7060
2 7061
3 7062
3 7063
3 7064
3 7065
3 7066
3 7067
3 7068
0 7069
2 7070
2 7071
2 7072
4 7073
0 7074
1 7075
2 7076
4 7077
0 7078
2 7079
3 7080
2 7081
1 7082
3 7083
0 7084
1 7085
2 7086
4 7087
4 7088
4 7089
4 7090
4 7091
0 7092
1 7093
4 7094
0 7095
3 7096
0 7097
3 7098
0 7099
2 7100
2 7101
2 7102
2 7103
2 7104
2 7105
2 7106
2 7107
2 7108
2 7109
2 7110
2 7111
0 7112
3 7113
2 7114
2 7115
2 7116
2 7117
3 7118
1 7119
0 7120
0 7121
0 7122
3 7123
0 7124
3 7125
0 7126
3 7127
0 7128
3 7129
1 7130
3 7131
3 7132
3 7133
3 7134
3 7135
3 7136
3 7137
2 7138
0 7139
1 7140
1 7141
2 7142
4 7143
0 7144
1 7145
1 7146
0 7147
2 7148
2 7149
3 7150
3 7151
3 7152
0 7153
1 7154
1 7155
4 7156
3 7157
3 7158
4 7159
3 7160
4 7161
0 7162
3 7163
4 7164
0 7165
0 7166
0 7167
0 7168
1 7169
3 7170
4 7171
2 7172
1 7173
3 7174
0 7175
1 7176
2 7177
2 7178
2 7179
3 7180
0 7181
3 7182
0 7183
3 7184
0 7185
0 7186
3 7187
3 7188
3 7189
3 7190
3 7191
3 7192
3 7193
2 7194
2 7195
2 7196
2 7197
3 7198
0 7199
0 7200
0 7201
0 7202
0 7203
0 7204
0 7205
0 7206
0 7207
0 7208
0 7209
0 7210
0 7211
0 7212
0 7213
0 7214
0 7215
0 7216
0 7217
0 7218
3 7219
0 7220
1 7221
0 7222
1 7223
4 7224
3 7225
1 7226
3 7227
1 7228
3 7229
1 7230
3 7231
2 7232
4 7233
0 7234
4 7235
0 7236
4 7237
2 7238
4 7239
2 7240
4 7241
4 7242
0 7243
0 7244
0 7245
0 7246
0 7247
0 7248
4 7249
0 7250
3 7251
3 7252
0 7253
3 7254
0 7255
0 7256
0 7257
0 7258
0 7259
0 7260
0 7261
0 7262
0 7263
0 7264
0 7265
0 7266
4 7267
4 7268
4 7269
4 7270
0 7271
0 7272
0 7273
0 7274
0 7275
0 7276
0 7277
0 7278
0 7279
0 7280
0 7281
4 7282
0 7283
0 7284
3 7285
2 7286
2 7287
2 7288
2 7289
4 7290
4 7291
4 7292
4 7293
4 7294
4 7295
4 7296
4 7297
4 7298
4 7299
4 7300
4 7301
4 7302
4 7303
4 7304
4 7305
4 7306
4 7307
2 7308
0 7309
0 7310
2 7311
4 7312
